OBJECTID,DATA_RICEVIMENTO_TAMPONE,NUM_TAMP,INCREMENTO,REGIONE,ObjectId2
1,20200220,3,3,LOMBARDIA,1
2,20200221,30,33,LOMBARDIA,2
3,20200222,32,65,LOMBARDIA,3
4,20200223,47,112,LOMBARDIA,4
5,20200224,60,172,LOMBARDIA,5
6,20200225,96,268,LOMBARDIA,6
7,20200226,116,384,LOMBARDIA,7
8,20200227,147,531,LOMBARDIA,8
9,20200228,204,735,LOMBARDIA,9
10,20200229,250,985,LOMBARDIA,10
11,20200301,283,1268,LOMBARDIA,11
12,20200302,396,1664,LOMBARDIA,12
13,20200303,477,2141,LOMBARDIA,13
14,20200304,629,2770,LOMBARDIA,14
15,20200305,790,3560,LOMBARDIA,15
16,20200306,904,4464,LOMBARDIA,16
17,20200307,701,5165,LOMBARDIA,17
18,20200308,770,5935,LOMBARDIA,18
19,20200309,1215,7150,LOMBARDIA,19
20,20200310,1353,8503,LOMBARDIA,20
21,20200311,1335,9838,LOMBARDIA,21
22,20200312,1361,11199,LOMBARDIA,22
23,20200313,1720,12919,LOMBARDIA,23
24,20200314,1372,14291,LOMBARDIA,24
25,20200315,1194,15485,LOMBARDIA,25
26,20200316,2133,17618,LOMBARDIA,26
27,20200317,2086,19704,LOMBARDIA,27
28,20200318,2161,21865,LOMBARDIA,28
29,20200319,2230,24095,LOMBARDIA,29
30,20200320,2225,26320,LOMBARDIA,30
31,20200321,1409,27729,LOMBARDIA,31
32,20200322,1163,28892,LOMBARDIA,32
33,20200323,2190,31082,LOMBARDIA,33
34,20200324,2156,33238,LOMBARDIA,34
35,20200325,2050,35288,LOMBARDIA,35
36,20200326,2050,37338,LOMBARDIA,36
37,20200327,1989,39327,LOMBARDIA,37
38,20200328,1362,40689,LOMBARDIA,38
39,20200329,756,41445,LOMBARDIA,39
40,20200330,1759,43204,LOMBARDIA,40
41,20200331,1539,44743,LOMBARDIA,41
42,20200401,1812,46555,LOMBARDIA,42
43,20200402,1625,48180,LOMBARDIA,43
44,20200403,1617,49797,LOMBARDIA,44
45,20200404,1080,50877,LOMBARDIA,45
46,20200405,638,51515,LOMBARDIA,46
47,20200406,1567,53082,LOMBARDIA,47
48,20200407,1488,54570,LOMBARDIA,48
49,20200408,1500,56070,LOMBARDIA,49
50,20200409,1926,57996,LOMBARDIA,50
51,20200410,2051,60047,LOMBARDIA,51
52,20200411,1136,61183,LOMBARDIA,52
53,20200412,552,61735,LOMBARDIA,53
54,20200413,566,62301,LOMBARDIA,54
55,20200414,1150,63451,LOMBARDIA,55
56,20200415,1382,64833,LOMBARDIA,56
57,20200416,1252,66085,LOMBARDIA,57
58,20200417,1306,67391,LOMBARDIA,58
59,20200418,755,68146,LOMBARDIA,59
60,20200419,389,68535,LOMBARDIA,60
61,20200420,1156,69691,LOMBARDIA,61
123,20200621,12,92891,LOMBARDIA,62
124,20200622,169,93060,LOMBARDIA,63
125,20200623,149,93209,LOMBARDIA,64
126,20200624,117,93326,LOMBARDIA,65
127,20200625,101,93427,LOMBARDIA,66
128,20200626,107,93534,LOMBARDIA,67
129,20200627,45,93579,LOMBARDIA,68
130,20200628,28,93607,LOMBARDIA,69
131,20200629,135,93742,LOMBARDIA,70
132,20200630,98,93840,LOMBARDIA,71
133,20200701,124,93964,LOMBARDIA,72
134,20200702,130,94094,LOMBARDIA,73
135,20200703,108,94202,LOMBARDIA,74
136,20200704,102,94304,LOMBARDIA,75
137,20200705,22,94326,LOMBARDIA,76
138,20200706,129,94455,LOMBARDIA,77
139,20200707,94,94549,LOMBARDIA,78
140,20200708,118,94667,LOMBARDIA,79
141,20200709,99,94766,LOMBARDIA,80
142,20200710,105,94871,LOMBARDIA,81
143,20200711,59,94930,LOMBARDIA,82
144,20200712,11,94941,LOMBARDIA,83
145,20200713,62,95003,LOMBARDIA,84
146,20200714,78,95081,LOMBARDIA,85
147,20200715,75,95156,LOMBARDIA,86
148,20200716,66,95222,LOMBARDIA,87
149,20200717,85,95307,LOMBARDIA,88
150,20200718,49,95356,LOMBARDIA,89
151,20200719,15,95371,LOMBARDIA,90
152,20200720,71,95442,LOMBARDIA,91
153,20200721,69,95511,LOMBARDIA,92
154,20200722,61,95572,LOMBARDIA,93
155,20200723,90,95662,LOMBARDIA,94
156,20200724,82,95744,LOMBARDIA,95
157,20200725,38,95782,LOMBARDIA,96
158,20200726,15,95797,LOMBARDIA,97
159,20200727,80,95877,LOMBARDIA,98
160,20200728,69,95946,LOMBARDIA,99
161,20200729,84,96030,LOMBARDIA,100
162,20200730,49,96079,LOMBARDIA,101
163,20200731,60,96139,LOMBARDIA,102
164,20200801,34,96173,LOMBARDIA,103
165,20200802,17,96190,LOMBARDIA,104
166,20200803,170,96360,LOMBARDIA,105
167,20200804,76,96436,LOMBARDIA,106
168,20200805,82,96518,LOMBARDIA,107
169,20200806,84,96602,LOMBARDIA,108
170,20200807,81,96683,LOMBARDIA,109
171,20200808,59,96742,LOMBARDIA,110
172,20200809,21,96763,LOMBARDIA,111
173,20200810,99,96862,LOMBARDIA,112
174,20200811,96,96958,LOMBARDIA,113
175,20200812,95,97053,LOMBARDIA,114
176,20200813,98,97151,LOMBARDIA,115
177,20200814,104,97255,LOMBARDIA,116
178,20200815,19,97274,LOMBARDIA,117
179,20200816,19,97293,LOMBARDIA,118
180,20200817,147,97440,LOMBARDIA,119
181,20200818,150,97590,LOMBARDIA,120
182,20200819,170,97760,LOMBARDIA,121
183,20200820,207,97967,LOMBARDIA,122
62,20200421,1074,70765,LOMBARDIA,123
63,20200422,967,71732,LOMBARDIA,124
64,20200423,1208,72940,LOMBARDIA,125
65,20200424,1020,73960,LOMBARDIA,126
66,20200425,496,74456,LOMBARDIA,127
67,20200426,228,74684,LOMBARDIA,128
68,20200427,924,75608,LOMBARDIA,129
69,20200428,867,76475,LOMBARDIA,130
70,20200429,1049,77524,LOMBARDIA,131
71,20200430,1027,78551,LOMBARDIA,132
72,20200501,259,78810,LOMBARDIA,133
73,20200502,287,79097,LOMBARDIA,134
74,20200503,115,79212,LOMBARDIA,135
75,20200504,708,79920,LOMBARDIA,136
76,20200505,766,80686,LOMBARDIA,137
77,20200506,716,81402,LOMBARDIA,138
78,20200507,688,82090,LOMBARDIA,139
79,20200508,664,82754,LOMBARDIA,140
80,20200509,247,83001,LOMBARDIA,141
81,20200510,89,83090,LOMBARDIA,142
82,20200511,473,83563,LOMBARDIA,143
83,20200512,430,83993,LOMBARDIA,144
84,20200513,418,84411,LOMBARDIA,145
85,20200514,396,84807,LOMBARDIA,146
86,20200515,361,85168,LOMBARDIA,147
87,20200516,299,85467,LOMBARDIA,148
88,20200517,87,85554,LOMBARDIA,149
89,20200518,320,85874,LOMBARDIA,150
90,20200519,360,86234,LOMBARDIA,151
91,20200520,372,86606,LOMBARDIA,152
92,20200521,349,86955,LOMBARDIA,153
93,20200522,435,87390,LOMBARDIA,154
94,20200523,166,87556,LOMBARDIA,155
95,20200524,63,87619,LOMBARDIA,156
96,20200525,289,87908,LOMBARDIA,157
97,20200526,320,88228,LOMBARDIA,158
98,20200527,349,88577,LOMBARDIA,159
99,20200528,317,88894,LOMBARDIA,160
100,20200529,223,89117,LOMBARDIA,161
101,20200530,172,89289,LOMBARDIA,162
102,20200531,26,89315,LOMBARDIA,163
103,20200601,246,89561,LOMBARDIA,164
104,20200602,31,89592,LOMBARDIA,165
105,20200603,252,89844,LOMBARDIA,166
106,20200604,248,90092,LOMBARDIA,167
107,20200605,254,90346,LOMBARDIA,168
108,20200606,119,90465,LOMBARDIA,169
109,20200607,35,90500,LOMBARDIA,170
110,20200608,173,90673,LOMBARDIA,171
111,20200609,248,90921,LOMBARDIA,172
112,20200610,241,91162,LOMBARDIA,173
113,20200611,323,91485,LOMBARDIA,174
114,20200612,279,91764,LOMBARDIA,175
115,20200613,124,91888,LOMBARDIA,176
116,20200614,40,91928,LOMBARDIA,177
117,20200615,195,92123,LOMBARDIA,178
118,20200616,169,92292,LOMBARDIA,179
119,20200617,203,92495,LOMBARDIA,180
120,20200618,136,92631,LOMBARDIA,181
121,20200619,188,92819,LOMBARDIA,182
122,20200620,60,92879,LOMBARDIA,183
184,20200821,275,98242,LOMBARDIA,184
185,20200822,149,98391,LOMBARDIA,185
186,20200823,52,98443,LOMBARDIA,186
187,20200824,337,98780,LOMBARDIA,187
188,20200825,343,99123,LOMBARDIA,188
189,20200826,296,99419,LOMBARDIA,189
190,20200827,358,99777,LOMBARDIA,190
191,20200828,263,100040,LOMBARDIA,191
192,20200829,157,100197,LOMBARDIA,192
193,20200830,83,100280,LOMBARDIA,193
194,20200831,317,100597,LOMBARDIA,194
195,20200901,286,100883,LOMBARDIA,195
196,20200902,337,101220,LOMBARDIA,196
197,20200903,291,101511,LOMBARDIA,197
198,20200904,293,101804,LOMBARDIA,198
199,20200905,150,101954,LOMBARDIA,199
200,20200906,63,102017,LOMBARDIA,200
201,20200907,277,102294,LOMBARDIA,201
202,20200908,244,102538,LOMBARDIA,202
203,20200909,256,102794,LOMBARDIA,203
204,20200910,247,103041,LOMBARDIA,204
205,20200911,243,103284,LOMBARDIA,205
206,20200912,142,103426,LOMBARDIA,206
207,20200913,52,103478,LOMBARDIA,207
208,20200914,223,103701,LOMBARDIA,208
209,20200915,231,103932,LOMBARDIA,209
210,20200916,213,104145,LOMBARDIA,210
211,20200917,305,104450,LOMBARDIA,211
212,20200918,272,104722,LOMBARDIA,212
213,20200919,171,104893,LOMBARDIA,213
214,20200920,35,104928,LOMBARDIA,214
215,20200921,234,105162,LOMBARDIA,215
216,20200922,230,105392,LOMBARDIA,216
217,20200923,264,105656,LOMBARDIA,217
218,20200924,320,105976,LOMBARDIA,218
219,20200925,275,106251,LOMBARDIA,219
220,20200926,144,106395,LOMBARDIA,220
221,20200927,55,106450,LOMBARDIA,221
222,20200928,276,106726,LOMBARDIA,222
223,20200929,286,107012,LOMBARDIA,223
224,20200930,346,107358,LOMBARDIA,224
225,20201001,417,107775,LOMBARDIA,225
226,20201002,433,108208,LOMBARDIA,226
227,20201003,377,108585,LOMBARDIA,227
228,20201004,87,108672,LOMBARDIA,228
229,20201005,656,109328,LOMBARDIA,229
230,20201006,833,110161,LOMBARDIA,230
231,20201007,965,111126,LOMBARDIA,231
232,20201008,1247,112373,LOMBARDIA,232
233,20201009,1539,113912,LOMBARDIA,233
234,20201010,1134,115046,LOMBARDIA,234
235,20201011,306,115352,LOMBARDIA,235
236,20201012,2221,117573,LOMBARDIA,236
237,20201013,2221,119794,LOMBARDIA,237
238,20201014,2486,122280,LOMBARDIA,238
239,20201015,2876,125156,LOMBARDIA,239
240,20201016,2775,127931,LOMBARDIA,240
241,20201017,1820,129751,LOMBARDIA,241
242,20201018,351,130102,LOMBARDIA,242
243,20201019,377,130479,LOMBARDIA,243
