OBJECTID,DATA_RICEVIMENTO_TAMPONE,NUM_TAMP,INCREMENTO,REGIONE,ObjectId2
1,20200220,3,3,LOMBARDIA,1
2,20200221,30,33,LOMBARDIA,2
3,20200222,32,65,LOMBARDIA,3
4,20200223,47,112,LOMBARDIA,4
5,20200224,60,172,LOMBARDIA,5
6,20200225,96,268,LOMBARDIA,6
7,20200226,117,385,LOMBARDIA,7
8,20200227,147,532,LOMBARDIA,8
9,20200228,204,736,LOMBARDIA,9
10,20200229,250,986,LOMBARDIA,10
11,20200301,284,1270,LOMBARDIA,11
12,20200302,397,1667,LOMBARDIA,12
13,20200303,477,2144,LOMBARDIA,13
14,20200304,630,2774,LOMBARDIA,14
15,20200305,793,3567,LOMBARDIA,15
16,20200306,904,4471,LOMBARDIA,16
17,20200307,701,5172,LOMBARDIA,17
18,20200308,772,5944,LOMBARDIA,18
19,20200309,1216,7160,LOMBARDIA,19
20,20200310,1353,8513,LOMBARDIA,20
21,20200311,1335,9848,LOMBARDIA,21
22,20200312,1362,11210,LOMBARDIA,22
23,20200313,1723,12933,LOMBARDIA,23
24,20200314,1375,14308,LOMBARDIA,24
25,20200315,1194,15502,LOMBARDIA,25
26,20200316,2134,17636,LOMBARDIA,26
27,20200317,2087,19723,LOMBARDIA,27
28,20200318,2161,21884,LOMBARDIA,28
29,20200319,2231,24115,LOMBARDIA,29
30,20200320,2225,26340,LOMBARDIA,30
31,20200321,1410,27750,LOMBARDIA,31
32,20200322,1163,28913,LOMBARDIA,32
33,20200323,2191,31104,LOMBARDIA,33
34,20200324,2159,33263,LOMBARDIA,34
35,20200325,2053,35316,LOMBARDIA,35
36,20200326,2054,37370,LOMBARDIA,36
37,20200327,1993,39363,LOMBARDIA,37
38,20200328,1364,40727,LOMBARDIA,38
39,20200329,758,41485,LOMBARDIA,39
40,20200330,1760,43245,LOMBARDIA,40
41,20200331,1542,44787,LOMBARDIA,41
42,20200401,1813,46600,LOMBARDIA,42
43,20200402,1625,48225,LOMBARDIA,43
44,20200403,1618,49843,LOMBARDIA,44
45,20200404,1081,50924,LOMBARDIA,45
46,20200405,640,51564,LOMBARDIA,46
47,20200406,1569,53133,LOMBARDIA,47
48,20200407,1490,54623,LOMBARDIA,48
49,20200408,1501,56124,LOMBARDIA,49
50,20200409,1929,58053,LOMBARDIA,50
51,20200410,2051,60104,LOMBARDIA,51
52,20200411,1136,61240,LOMBARDIA,52
53,20200412,553,61793,LOMBARDIA,53
54,20200413,568,62361,LOMBARDIA,54
55,20200414,1151,63512,LOMBARDIA,55
56,20200415,1382,64894,LOMBARDIA,56
57,20200416,1254,66148,LOMBARDIA,57
58,20200417,1308,67456,LOMBARDIA,58
59,20200418,757,68213,LOMBARDIA,59
60,20200419,392,68605,LOMBARDIA,60
61,20200420,1160,69765,LOMBARDIA,61
62,20200421,1074,70839,LOMBARDIA,62
63,20200422,968,71807,LOMBARDIA,63
64,20200423,1210,73017,LOMBARDIA,64
65,20200424,1023,74040,LOMBARDIA,65
66,20200425,496,74536,LOMBARDIA,66
67,20200426,228,74764,LOMBARDIA,67
68,20200427,926,75690,LOMBARDIA,68
69,20200428,869,76559,LOMBARDIA,69
70,20200429,1049,77608,LOMBARDIA,70
71,20200430,1034,78642,LOMBARDIA,71
72,20200501,259,78901,LOMBARDIA,72
73,20200502,289,79190,LOMBARDIA,73
74,20200503,115,79305,LOMBARDIA,74
75,20200504,709,80014,LOMBARDIA,75
76,20200505,764,80778,LOMBARDIA,76
77,20200506,716,81494,LOMBARDIA,77
78,20200507,688,82182,LOMBARDIA,78
79,20200508,664,82846,LOMBARDIA,79
80,20200509,248,83094,LOMBARDIA,80
81,20200510,89,83183,LOMBARDIA,81
82,20200511,473,83656,LOMBARDIA,82
83,20200512,430,84086,LOMBARDIA,83
84,20200513,418,84504,LOMBARDIA,84
85,20200514,396,84900,LOMBARDIA,85
86,20200515,361,85261,LOMBARDIA,86
87,20200516,299,85560,LOMBARDIA,87
88,20200517,87,85647,LOMBARDIA,88
89,20200518,321,85968,LOMBARDIA,89
90,20200519,363,86331,LOMBARDIA,90
91,20200520,373,86704,LOMBARDIA,91
92,20200521,349,87053,LOMBARDIA,92
93,20200522,437,87490,LOMBARDIA,93
94,20200523,167,87657,LOMBARDIA,94
95,20200524,63,87720,LOMBARDIA,95
96,20200525,289,88009,LOMBARDIA,96
97,20200526,321,88330,LOMBARDIA,97
98,20200527,350,88680,LOMBARDIA,98
99,20200528,317,88997,LOMBARDIA,99
100,20200529,223,89220,LOMBARDIA,100
101,20200530,172,89392,LOMBARDIA,101
102,20200531,26,89418,LOMBARDIA,102
154,20200722,61,95697,LOMBARDIA,103
155,20200723,91,95788,LOMBARDIA,104
156,20200724,85,95873,LOMBARDIA,105
157,20200725,40,95913,LOMBARDIA,106
158,20200726,15,95928,LOMBARDIA,107
159,20200727,80,96008,LOMBARDIA,108
160,20200728,68,96076,LOMBARDIA,109
161,20200729,84,96160,LOMBARDIA,110
162,20200730,51,96211,LOMBARDIA,111
163,20200731,61,96272,LOMBARDIA,112
164,20200801,34,96306,LOMBARDIA,113
165,20200802,17,96323,LOMBARDIA,114
166,20200803,170,96493,LOMBARDIA,115
167,20200804,76,96569,LOMBARDIA,116
168,20200805,83,96652,LOMBARDIA,117
169,20200806,84,96736,LOMBARDIA,118
170,20200807,79,96815,LOMBARDIA,119
171,20200808,59,96874,LOMBARDIA,120
172,20200809,20,96894,LOMBARDIA,121
173,20200810,99,96993,LOMBARDIA,122
174,20200811,96,97089,LOMBARDIA,123
175,20200812,94,97183,LOMBARDIA,124
176,20200813,97,97280,LOMBARDIA,125
177,20200814,104,97384,LOMBARDIA,126
178,20200815,18,97402,LOMBARDIA,127
179,20200816,20,97422,LOMBARDIA,128
180,20200817,147,97569,LOMBARDIA,129
181,20200818,150,97719,LOMBARDIA,130
182,20200819,170,97889,LOMBARDIA,131
183,20200820,207,98096,LOMBARDIA,132
184,20200821,275,98371,LOMBARDIA,133
185,20200822,146,98517,LOMBARDIA,134
186,20200823,52,98569,LOMBARDIA,135
187,20200824,332,98901,LOMBARDIA,136
188,20200825,343,99244,LOMBARDIA,137
189,20200826,294,99538,LOMBARDIA,138
190,20200827,354,99892,LOMBARDIA,139
191,20200828,260,100152,LOMBARDIA,140
192,20200829,154,100306,LOMBARDIA,141
193,20200830,82,100388,LOMBARDIA,142
194,20200831,310,100698,LOMBARDIA,143
195,20200901,284,100982,LOMBARDIA,144
196,20200902,334,101316,LOMBARDIA,145
197,20200903,285,101601,LOMBARDIA,146
198,20200904,292,101893,LOMBARDIA,147
199,20200905,147,102040,LOMBARDIA,148
200,20200906,63,102103,LOMBARDIA,149
201,20200907,247,102350,LOMBARDIA,150
202,20200908,163,102513,LOMBARDIA,151
203,20200909,35,102548,LOMBARDIA,152
103,20200601,246,89664,LOMBARDIA,153
104,20200602,31,89695,LOMBARDIA,154
105,20200603,252,89947,LOMBARDIA,155
106,20200604,248,90195,LOMBARDIA,156
107,20200605,255,90450,LOMBARDIA,157
108,20200606,120,90570,LOMBARDIA,158
109,20200607,35,90605,LOMBARDIA,159
110,20200608,173,90778,LOMBARDIA,160
111,20200609,248,91026,LOMBARDIA,161
112,20200610,241,91267,LOMBARDIA,162
113,20200611,324,91591,LOMBARDIA,163
114,20200612,280,91871,LOMBARDIA,164
115,20200613,124,91995,LOMBARDIA,165
116,20200614,40,92035,LOMBARDIA,166
117,20200615,196,92231,LOMBARDIA,167
118,20200616,169,92400,LOMBARDIA,168
119,20200617,204,92604,LOMBARDIA,169
120,20200618,137,92741,LOMBARDIA,170
121,20200619,188,92929,LOMBARDIA,171
122,20200620,60,92989,LOMBARDIA,172
123,20200621,12,93001,LOMBARDIA,173
124,20200622,170,93171,LOMBARDIA,174
125,20200623,149,93320,LOMBARDIA,175
126,20200624,117,93437,LOMBARDIA,176
127,20200625,101,93538,LOMBARDIA,177
128,20200626,107,93645,LOMBARDIA,178
129,20200627,45,93690,LOMBARDIA,179
130,20200628,29,93719,LOMBARDIA,180
131,20200629,136,93855,LOMBARDIA,181
132,20200630,99,93954,LOMBARDIA,182
133,20200701,125,94079,LOMBARDIA,183
134,20200702,130,94209,LOMBARDIA,184
135,20200703,108,94317,LOMBARDIA,185
136,20200704,102,94419,LOMBARDIA,186
137,20200705,22,94441,LOMBARDIA,187
138,20200706,130,94571,LOMBARDIA,188
139,20200707,94,94665,LOMBARDIA,189
140,20200708,120,94785,LOMBARDIA,190
141,20200709,100,94885,LOMBARDIA,191
142,20200710,107,94992,LOMBARDIA,192
143,20200711,59,95051,LOMBARDIA,193
144,20200712,11,95062,LOMBARDIA,194
145,20200713,63,95125,LOMBARDIA,195
146,20200714,78,95203,LOMBARDIA,196
147,20200715,77,95280,LOMBARDIA,197
148,20200716,66,95346,LOMBARDIA,198
149,20200717,85,95431,LOMBARDIA,199
150,20200718,49,95480,LOMBARDIA,200
151,20200719,15,95495,LOMBARDIA,201
152,20200720,72,95567,LOMBARDIA,202
153,20200721,69,95636,LOMBARDIA,203
