OBJECTID,DATA_RICEVIMENTO_TAMPONE,NUM_TAMP,INCREMENTO,REGIONE,ObjectId2
1,20200220,3,3,LOMBARDIA,1
2,20200221,30,33,LOMBARDIA,2
3,20200222,32,65,LOMBARDIA,3
4,20200223,47,112,LOMBARDIA,4
5,20200224,60,172,LOMBARDIA,5
6,20200225,96,268,LOMBARDIA,6
7,20200226,116,384,LOMBARDIA,7
8,20200227,147,531,LOMBARDIA,8
9,20200228,204,735,LOMBARDIA,9
10,20200229,250,985,LOMBARDIA,10
11,20200301,283,1268,LOMBARDIA,11
12,20200302,396,1664,LOMBARDIA,12
13,20200303,477,2141,LOMBARDIA,13
14,20200304,629,2770,LOMBARDIA,14
15,20200305,790,3560,LOMBARDIA,15
16,20200306,904,4464,LOMBARDIA,16
17,20200307,701,5165,LOMBARDIA,17
18,20200308,770,5935,LOMBARDIA,18
19,20200309,1215,7150,LOMBARDIA,19
20,20200310,1353,8503,LOMBARDIA,20
21,20200311,1335,9838,LOMBARDIA,21
22,20200312,1361,11199,LOMBARDIA,22
23,20200313,1720,12919,LOMBARDIA,23
24,20200314,1372,14291,LOMBARDIA,24
25,20200315,1194,15485,LOMBARDIA,25
26,20200316,2133,17618,LOMBARDIA,26
27,20200317,2086,19704,LOMBARDIA,27
28,20200318,2161,21865,LOMBARDIA,28
29,20200319,2230,24095,LOMBARDIA,29
30,20200320,2225,26320,LOMBARDIA,30
31,20200321,1409,27729,LOMBARDIA,31
32,20200322,1163,28892,LOMBARDIA,32
33,20200323,2190,31082,LOMBARDIA,33
34,20200324,2157,33239,LOMBARDIA,34
35,20200325,2050,35289,LOMBARDIA,35
36,20200326,2050,37339,LOMBARDIA,36
37,20200327,1989,39328,LOMBARDIA,37
38,20200328,1362,40690,LOMBARDIA,38
39,20200329,756,41446,LOMBARDIA,39
40,20200330,1759,43205,LOMBARDIA,40
41,20200331,1539,44744,LOMBARDIA,41
42,20200401,1812,46556,LOMBARDIA,42
43,20200402,1625,48181,LOMBARDIA,43
44,20200403,1617,49798,LOMBARDIA,44
45,20200404,1081,50879,LOMBARDIA,45
46,20200405,639,51518,LOMBARDIA,46
47,20200406,1567,53085,LOMBARDIA,47
48,20200407,1488,54573,LOMBARDIA,48
49,20200408,1500,56073,LOMBARDIA,49
50,20200409,1926,57999,LOMBARDIA,50
51,20200410,2051,60050,LOMBARDIA,51
52,20200411,1136,61186,LOMBARDIA,52
53,20200412,552,61738,LOMBARDIA,53
54,20200413,566,62304,LOMBARDIA,54
55,20200414,1150,63454,LOMBARDIA,55
56,20200415,1382,64836,LOMBARDIA,56
57,20200416,1252,66088,LOMBARDIA,57
58,20200417,1307,67395,LOMBARDIA,58
59,20200418,755,68150,LOMBARDIA,59
60,20200419,389,68539,LOMBARDIA,60
61,20200420,1156,69695,LOMBARDIA,61
62,20200421,1074,70769,LOMBARDIA,62
63,20200422,967,71736,LOMBARDIA,63
64,20200423,1208,72944,LOMBARDIA,64
65,20200424,1020,73964,LOMBARDIA,65
66,20200425,496,74460,LOMBARDIA,66
67,20200426,228,74688,LOMBARDIA,67
68,20200427,924,75612,LOMBARDIA,68
69,20200428,867,76479,LOMBARDIA,69
70,20200429,1049,77528,LOMBARDIA,70
71,20200430,1027,78555,LOMBARDIA,71
72,20200501,259,78814,LOMBARDIA,72
73,20200502,287,79101,LOMBARDIA,73
74,20200503,115,79216,LOMBARDIA,74
75,20200504,710,79926,LOMBARDIA,75
76,20200505,764,80690,LOMBARDIA,76
77,20200506,716,81406,LOMBARDIA,77
78,20200507,688,82094,LOMBARDIA,78
79,20200508,664,82758,LOMBARDIA,79
80,20200509,247,83005,LOMBARDIA,80
81,20200510,89,83094,LOMBARDIA,81
82,20200511,473,83567,LOMBARDIA,82
83,20200512,430,83997,LOMBARDIA,83
84,20200513,418,84415,LOMBARDIA,84
85,20200514,396,84811,LOMBARDIA,85
86,20200515,361,85172,LOMBARDIA,86
87,20200516,299,85471,LOMBARDIA,87
88,20200517,87,85558,LOMBARDIA,88
89,20200518,320,85878,LOMBARDIA,89
90,20200519,360,86238,LOMBARDIA,90
91,20200520,372,86610,LOMBARDIA,91
92,20200521,350,86960,LOMBARDIA,92
93,20200522,435,87395,LOMBARDIA,93
94,20200523,166,87561,LOMBARDIA,94
95,20200524,63,87624,LOMBARDIA,95
96,20200525,289,87913,LOMBARDIA,96
97,20200526,320,88233,LOMBARDIA,97
98,20200527,349,88582,LOMBARDIA,98
99,20200528,317,88899,LOMBARDIA,99
100,20200529,223,89122,LOMBARDIA,100
101,20200530,172,89294,LOMBARDIA,101
102,20200531,26,89320,LOMBARDIA,102
103,20200601,246,89566,LOMBARDIA,103
104,20200602,31,89597,LOMBARDIA,104
105,20200603,252,89849,LOMBARDIA,105
106,20200604,248,90097,LOMBARDIA,106
107,20200605,254,90351,LOMBARDIA,107
108,20200606,119,90470,LOMBARDIA,108
109,20200607,35,90505,LOMBARDIA,109
110,20200608,173,90678,LOMBARDIA,110
111,20200609,249,90927,LOMBARDIA,111
112,20200610,241,91168,LOMBARDIA,112
113,20200611,323,91491,LOMBARDIA,113
114,20200612,279,91770,LOMBARDIA,114
115,20200613,124,91894,LOMBARDIA,115
116,20200614,40,91934,LOMBARDIA,116
117,20200615,195,92129,LOMBARDIA,117
118,20200616,169,92298,LOMBARDIA,118
178,20200815,18,97284,LOMBARDIA,119
179,20200816,19,97303,LOMBARDIA,120
180,20200817,147,97450,LOMBARDIA,121
181,20200818,150,97600,LOMBARDIA,122
182,20200819,170,97770,LOMBARDIA,123
183,20200820,207,97977,LOMBARDIA,124
184,20200821,275,98252,LOMBARDIA,125
185,20200822,149,98401,LOMBARDIA,126
186,20200823,52,98453,LOMBARDIA,127
187,20200824,337,98790,LOMBARDIA,128
188,20200825,343,99133,LOMBARDIA,129
189,20200826,296,99429,LOMBARDIA,130
190,20200827,358,99787,LOMBARDIA,131
191,20200828,263,100050,LOMBARDIA,132
192,20200829,157,100207,LOMBARDIA,133
193,20200830,83,100290,LOMBARDIA,134
194,20200831,317,100607,LOMBARDIA,135
195,20200901,286,100893,LOMBARDIA,136
196,20200902,337,101230,LOMBARDIA,137
197,20200903,291,101521,LOMBARDIA,138
198,20200904,293,101814,LOMBARDIA,139
199,20200905,150,101964,LOMBARDIA,140
200,20200906,63,102027,LOMBARDIA,141
201,20200907,277,102304,LOMBARDIA,142
202,20200908,244,102548,LOMBARDIA,143
203,20200909,256,102804,LOMBARDIA,144
204,20200910,247,103051,LOMBARDIA,145
205,20200911,243,103294,LOMBARDIA,146
206,20200912,142,103436,LOMBARDIA,147
207,20200913,52,103488,LOMBARDIA,148
208,20200914,223,103711,LOMBARDIA,149
209,20200915,231,103942,LOMBARDIA,150
210,20200916,213,104155,LOMBARDIA,151
211,20200917,305,104460,LOMBARDIA,152
212,20200918,272,104732,LOMBARDIA,153
213,20200919,170,104902,LOMBARDIA,154
214,20200920,35,104937,LOMBARDIA,155
215,20200921,234,105171,LOMBARDIA,156
216,20200922,230,105401,LOMBARDIA,157
217,20200923,264,105665,LOMBARDIA,158
218,20200924,320,105985,LOMBARDIA,159
219,20200925,275,106260,LOMBARDIA,160
220,20200926,144,106404,LOMBARDIA,161
221,20200927,55,106459,LOMBARDIA,162
222,20200928,276,106735,LOMBARDIA,163
223,20200929,287,107022,LOMBARDIA,164
224,20200930,346,107368,LOMBARDIA,165
225,20201001,416,107784,LOMBARDIA,166
226,20201002,428,108212,LOMBARDIA,167
227,20201003,364,108576,LOMBARDIA,168
228,20201004,85,108661,LOMBARDIA,169
229,20201005,630,109291,LOMBARDIA,170
230,20201006,791,110082,LOMBARDIA,171
231,20201007,857,110939,LOMBARDIA,172
232,20201008,1052,111991,LOMBARDIA,173
233,20201009,1089,113080,LOMBARDIA,174
234,20201010,605,113685,LOMBARDIA,175
235,20201011,35,113720,LOMBARDIA,176
119,20200617,204,92502,LOMBARDIA,177
120,20200618,137,92639,LOMBARDIA,178
121,20200619,188,92827,LOMBARDIA,179
122,20200620,60,92887,LOMBARDIA,180
123,20200621,12,92899,LOMBARDIA,181
124,20200622,169,93068,LOMBARDIA,182
125,20200623,149,93217,LOMBARDIA,183
126,20200624,117,93334,LOMBARDIA,184
127,20200625,101,93435,LOMBARDIA,185
128,20200626,107,93542,LOMBARDIA,186
129,20200627,45,93587,LOMBARDIA,187
130,20200628,28,93615,LOMBARDIA,188
131,20200629,135,93750,LOMBARDIA,189
132,20200630,98,93848,LOMBARDIA,190
133,20200701,124,93972,LOMBARDIA,191
134,20200702,130,94102,LOMBARDIA,192
135,20200703,108,94210,LOMBARDIA,193
136,20200704,102,94312,LOMBARDIA,194
137,20200705,22,94334,LOMBARDIA,195
138,20200706,129,94463,LOMBARDIA,196
139,20200707,94,94557,LOMBARDIA,197
140,20200708,118,94675,LOMBARDIA,198
141,20200709,99,94774,LOMBARDIA,199
142,20200710,105,94879,LOMBARDIA,200
143,20200711,59,94938,LOMBARDIA,201
144,20200712,11,94949,LOMBARDIA,202
145,20200713,62,95011,LOMBARDIA,203
146,20200714,78,95089,LOMBARDIA,204
147,20200715,75,95164,LOMBARDIA,205
148,20200716,66,95230,LOMBARDIA,206
149,20200717,85,95315,LOMBARDIA,207
150,20200718,49,95364,LOMBARDIA,208
151,20200719,15,95379,LOMBARDIA,209
152,20200720,71,95450,LOMBARDIA,210
153,20200721,69,95519,LOMBARDIA,211
154,20200722,61,95580,LOMBARDIA,212
155,20200723,90,95670,LOMBARDIA,213
156,20200724,84,95754,LOMBARDIA,214
157,20200725,38,95792,LOMBARDIA,215
158,20200726,15,95807,LOMBARDIA,216
159,20200727,80,95887,LOMBARDIA,217
160,20200728,69,95956,LOMBARDIA,218
161,20200729,84,96040,LOMBARDIA,219
162,20200730,49,96089,LOMBARDIA,220
163,20200731,60,96149,LOMBARDIA,221
164,20200801,34,96183,LOMBARDIA,222
165,20200802,17,96200,LOMBARDIA,223
166,20200803,170,96370,LOMBARDIA,224
167,20200804,76,96446,LOMBARDIA,225
168,20200805,83,96529,LOMBARDIA,226
169,20200806,84,96613,LOMBARDIA,227
170,20200807,81,96694,LOMBARDIA,228
171,20200808,59,96753,LOMBARDIA,229
172,20200809,21,96774,LOMBARDIA,230
173,20200810,99,96873,LOMBARDIA,231
174,20200811,96,96969,LOMBARDIA,232
175,20200812,95,97064,LOMBARDIA,233
176,20200813,98,97162,LOMBARDIA,234
177,20200814,104,97266,LOMBARDIA,235
