OBJECTID,DATA_RICEVIMENTO_TAMPONE,NUM_TAMP,INCREMENTO,REGIONE,ObjectId2
1,20200220,3,3,LOMBARDIA,1
2,20200221,30,33,LOMBARDIA,2
3,20200222,32,65,LOMBARDIA,3
4,20200223,47,112,LOMBARDIA,4
5,20200224,60,172,LOMBARDIA,5
6,20200225,96,268,LOMBARDIA,6
7,20200226,117,385,LOMBARDIA,7
8,20200227,147,532,LOMBARDIA,8
9,20200228,204,736,LOMBARDIA,9
10,20200229,250,986,LOMBARDIA,10
11,20200301,284,1270,LOMBARDIA,11
12,20200302,396,1666,LOMBARDIA,12
13,20200303,477,2143,LOMBARDIA,13
14,20200304,629,2772,LOMBARDIA,14
15,20200305,791,3563,LOMBARDIA,15
16,20200306,904,4467,LOMBARDIA,16
17,20200307,701,5168,LOMBARDIA,17
18,20200308,771,5939,LOMBARDIA,18
19,20200309,1215,7154,LOMBARDIA,19
20,20200310,1353,8507,LOMBARDIA,20
21,20200311,1335,9842,LOMBARDIA,21
22,20200312,1362,11204,LOMBARDIA,22
23,20200313,1721,12925,LOMBARDIA,23
24,20200314,1374,14299,LOMBARDIA,24
25,20200315,1194,15493,LOMBARDIA,25
26,20200316,2133,17626,LOMBARDIA,26
27,20200317,2087,19713,LOMBARDIA,27
28,20200318,2161,21874,LOMBARDIA,28
29,20200319,2231,24105,LOMBARDIA,29
30,20200320,2225,26330,LOMBARDIA,30
31,20200321,1410,27740,LOMBARDIA,31
32,20200322,1163,28903,LOMBARDIA,32
33,20200323,2191,31094,LOMBARDIA,33
34,20200324,2158,33252,LOMBARDIA,34
35,20200325,2053,35305,LOMBARDIA,35
36,20200326,2053,37358,LOMBARDIA,36
37,20200327,1993,39351,LOMBARDIA,37
38,20200328,1364,40715,LOMBARDIA,38
39,20200329,756,41471,LOMBARDIA,39
40,20200330,1760,43231,LOMBARDIA,40
41,20200331,1541,44772,LOMBARDIA,41
42,20200401,1812,46584,LOMBARDIA,42
43,20200402,1625,48209,LOMBARDIA,43
44,20200403,1618,49827,LOMBARDIA,44
45,20200404,1081,50908,LOMBARDIA,45
46,20200405,640,51548,LOMBARDIA,46
47,20200406,1569,53117,LOMBARDIA,47
48,20200407,1489,54606,LOMBARDIA,48
49,20200408,1500,56106,LOMBARDIA,49
50,20200409,1929,58035,LOMBARDIA,50
51,20200410,2051,60086,LOMBARDIA,51
52,20200411,1136,61222,LOMBARDIA,52
53,20200412,553,61775,LOMBARDIA,53
54,20200413,568,62343,LOMBARDIA,54
163,20200731,61,96240,LOMBARDIA,55
164,20200801,34,96274,LOMBARDIA,56
165,20200802,17,96291,LOMBARDIA,57
166,20200803,170,96461,LOMBARDIA,58
167,20200804,76,96537,LOMBARDIA,59
168,20200805,83,96620,LOMBARDIA,60
169,20200806,84,96704,LOMBARDIA,61
170,20200807,81,96785,LOMBARDIA,62
171,20200808,59,96844,LOMBARDIA,63
172,20200809,21,96865,LOMBARDIA,64
173,20200810,99,96964,LOMBARDIA,65
174,20200811,96,97060,LOMBARDIA,66
175,20200812,95,97155,LOMBARDIA,67
176,20200813,98,97253,LOMBARDIA,68
177,20200814,104,97357,LOMBARDIA,69
178,20200815,18,97375,LOMBARDIA,70
179,20200816,20,97395,LOMBARDIA,71
180,20200817,147,97542,LOMBARDIA,72
181,20200818,150,97692,LOMBARDIA,73
182,20200819,170,97862,LOMBARDIA,74
183,20200820,207,98069,LOMBARDIA,75
184,20200821,275,98344,LOMBARDIA,76
185,20200822,155,98499,LOMBARDIA,77
186,20200823,52,98551,LOMBARDIA,78
187,20200824,336,98887,LOMBARDIA,79
188,20200825,345,99232,LOMBARDIA,80
189,20200826,296,99528,LOMBARDIA,81
190,20200827,358,99886,LOMBARDIA,82
191,20200828,263,100149,LOMBARDIA,83
192,20200829,159,100308,LOMBARDIA,84
193,20200830,84,100392,LOMBARDIA,85
194,20200831,318,100710,LOMBARDIA,86
195,20200901,287,100997,LOMBARDIA,87
196,20200902,338,101335,LOMBARDIA,88
197,20200903,292,101627,LOMBARDIA,89
198,20200904,297,101924,LOMBARDIA,90
199,20200905,151,102075,LOMBARDIA,91
200,20200906,63,102138,LOMBARDIA,92
201,20200907,276,102414,LOMBARDIA,93
202,20200908,244,102658,LOMBARDIA,94
203,20200909,257,102915,LOMBARDIA,95
204,20200910,247,103162,LOMBARDIA,96
205,20200911,243,103405,LOMBARDIA,97
206,20200912,142,103547,LOMBARDIA,98
207,20200913,53,103600,LOMBARDIA,99
208,20200914,231,103831,LOMBARDIA,100
209,20200915,227,104058,LOMBARDIA,101
210,20200916,212,104270,LOMBARDIA,102
211,20200917,303,104573,LOMBARDIA,103
212,20200918,255,104828,LOMBARDIA,104
213,20200919,158,104986,LOMBARDIA,105
214,20200920,30,105016,LOMBARDIA,106
215,20200921,14,105030,LOMBARDIA,107
55,20200414,1151,63494,LOMBARDIA,108
56,20200415,1382,64876,LOMBARDIA,109
57,20200416,1253,66129,LOMBARDIA,110
58,20200417,1308,67437,LOMBARDIA,111
59,20200418,757,68194,LOMBARDIA,112
60,20200419,391,68585,LOMBARDIA,113
61,20200420,1157,69742,LOMBARDIA,114
62,20200421,1074,70816,LOMBARDIA,115
63,20200422,968,71784,LOMBARDIA,116
64,20200423,1210,72994,LOMBARDIA,117
65,20200424,1022,74016,LOMBARDIA,118
66,20200425,496,74512,LOMBARDIA,119
67,20200426,228,74740,LOMBARDIA,120
68,20200427,925,75665,LOMBARDIA,121
69,20200428,868,76533,LOMBARDIA,122
70,20200429,1049,77582,LOMBARDIA,123
71,20200430,1029,78611,LOMBARDIA,124
72,20200501,259,78870,LOMBARDIA,125
73,20200502,287,79157,LOMBARDIA,126
74,20200503,117,79274,LOMBARDIA,127
75,20200504,709,79983,LOMBARDIA,128
76,20200505,764,80747,LOMBARDIA,129
77,20200506,716,81463,LOMBARDIA,130
78,20200507,688,82151,LOMBARDIA,131
79,20200508,664,82815,LOMBARDIA,132
80,20200509,248,83063,LOMBARDIA,133
81,20200510,89,83152,LOMBARDIA,134
82,20200511,473,83625,LOMBARDIA,135
83,20200512,430,84055,LOMBARDIA,136
84,20200513,419,84474,LOMBARDIA,137
85,20200514,396,84870,LOMBARDIA,138
86,20200515,361,85231,LOMBARDIA,139
87,20200516,299,85530,LOMBARDIA,140
88,20200517,87,85617,LOMBARDIA,141
89,20200518,321,85938,LOMBARDIA,142
90,20200519,362,86300,LOMBARDIA,143
91,20200520,373,86673,LOMBARDIA,144
92,20200521,350,87023,LOMBARDIA,145
93,20200522,437,87460,LOMBARDIA,146
94,20200523,167,87627,LOMBARDIA,147
95,20200524,63,87690,LOMBARDIA,148
96,20200525,290,87980,LOMBARDIA,149
97,20200526,321,88301,LOMBARDIA,150
98,20200527,350,88651,LOMBARDIA,151
99,20200528,317,88968,LOMBARDIA,152
100,20200529,222,89190,LOMBARDIA,153
101,20200530,172,89362,LOMBARDIA,154
102,20200531,26,89388,LOMBARDIA,155
103,20200601,246,89634,LOMBARDIA,156
104,20200602,31,89665,LOMBARDIA,157
105,20200603,252,89917,LOMBARDIA,158
106,20200604,248,90165,LOMBARDIA,159
107,20200605,254,90419,LOMBARDIA,160
108,20200606,120,90539,LOMBARDIA,161
109,20200607,35,90574,LOMBARDIA,162
110,20200608,173,90747,LOMBARDIA,163
111,20200609,249,90996,LOMBARDIA,164
112,20200610,241,91237,LOMBARDIA,165
113,20200611,324,91561,LOMBARDIA,166
114,20200612,280,91841,LOMBARDIA,167
115,20200613,124,91965,LOMBARDIA,168
116,20200614,40,92005,LOMBARDIA,169
117,20200615,195,92200,LOMBARDIA,170
118,20200616,169,92369,LOMBARDIA,171
119,20200617,204,92573,LOMBARDIA,172
120,20200618,137,92710,LOMBARDIA,173
121,20200619,188,92898,LOMBARDIA,174
122,20200620,60,92958,LOMBARDIA,175
123,20200621,12,92970,LOMBARDIA,176
124,20200622,170,93140,LOMBARDIA,177
125,20200623,149,93289,LOMBARDIA,178
126,20200624,117,93406,LOMBARDIA,179
127,20200625,101,93507,LOMBARDIA,180
128,20200626,107,93614,LOMBARDIA,181
129,20200627,45,93659,LOMBARDIA,182
130,20200628,29,93688,LOMBARDIA,183
131,20200629,136,93824,LOMBARDIA,184
132,20200630,99,93923,LOMBARDIA,185
133,20200701,125,94048,LOMBARDIA,186
134,20200702,130,94178,LOMBARDIA,187
135,20200703,108,94286,LOMBARDIA,188
136,20200704,102,94388,LOMBARDIA,189
137,20200705,22,94410,LOMBARDIA,190
138,20200706,129,94539,LOMBARDIA,191
139,20200707,94,94633,LOMBARDIA,192
140,20200708,120,94753,LOMBARDIA,193
141,20200709,100,94853,LOMBARDIA,194
142,20200710,106,94959,LOMBARDIA,195
143,20200711,59,95018,LOMBARDIA,196
144,20200712,11,95029,LOMBARDIA,197
145,20200713,63,95092,LOMBARDIA,198
146,20200714,78,95170,LOMBARDIA,199
147,20200715,77,95247,LOMBARDIA,200
148,20200716,66,95313,LOMBARDIA,201
149,20200717,85,95398,LOMBARDIA,202
150,20200718,49,95447,LOMBARDIA,203
151,20200719,15,95462,LOMBARDIA,204
152,20200720,72,95534,LOMBARDIA,205
153,20200721,69,95603,LOMBARDIA,206
154,20200722,61,95664,LOMBARDIA,207
155,20200723,91,95755,LOMBARDIA,208
156,20200724,85,95840,LOMBARDIA,209
157,20200725,40,95880,LOMBARDIA,210
158,20200726,15,95895,LOMBARDIA,211
159,20200727,80,95975,LOMBARDIA,212
160,20200728,69,96044,LOMBARDIA,213
161,20200729,84,96128,LOMBARDIA,214
162,20200730,51,96179,LOMBARDIA,215
